671.293762 6.930538 202.213638 180.00002 -59.160012 -0.0 
671.293762 6.930538 202.213638 168.423694 -58.639194 9.921452 
671.293762 6.930538 202.213638 -173.815456 -59.01259 -5.307365 
671.293762 6.930538 202.213638 176.148139 -64.079428 3.31903 
671.293762 6.93054 202.213638 176.944837 -56.46522 2.625636 
671.293762 6.93054 202.213623 176.944837 -56.46522 0.499505 
671.293762 6.93054 202.213623 176.944837 -56.46522 3.952435 
678.004639 3.477087 209.642273 175.436067 -61.86254 3.081997 
678.004639 3.477087 209.642273 170.473565 -61.645847 7.454181 
678.004639 3.477087 209.642273 178.583955 -61.906428 0.305387 
678.004639 3.477087 209.642273 178.61541 -58.852964 0.278056 
678.004639 3.477087 209.642273 178.556911 -64.119134 0.329451 
680.347656 2.578642 217.867905 178.121635 -67.424699 0.562988 
681.829407 1.716825 221.795853 177.544036 -70.960479 0.939593 
681.829407 1.716825 221.795853 167.120788 -70.607308 10.785071 
681.829407 1.716825 221.795853 -174.38469 -70.82761 -6.688423 
