337.0 -76.0 209.0 -166.000025 3.000007 -9.000021 
317.0 -67.0 197.0 -167.000009 4.999973 -17.000002 
375.0 63.0 203.0 167.000009 -0.999983 3.99999 
399.0 28.0 176.0 173.000023 10.000004 9.000021 
438.0 5.0 190.0 178.999979 23.000016 -0.999983 
470.0 -15.0 218.0 -177.999996 17.000002 27.999989 
349.0 50.0 171.0 174.000006 -3.99999 -3.99999 
370.0 -75.0 167.0 -167.000009 4.999973 10.000004 
420.0 25.0 216.0 173.000023 12.000028 -20.999992 
322.0 -5.0 210.0 -174.000006 3.000007 -17.999985 
341.0 -2.0 197.0 175.999972 -2.000024 0.999983 
442.0 -25.0 231.0 -175.999972 6.000014 20.000009 
327.0 -54.0 200.0 -171.999982 -10.000004 -4.999973 
434.0 -67.0 215.0 -161.999978 10.000004 23.000016 
328.0 148.0 223.0 159.000028 -7.999981 -17.999985 
368.0 -42.0 194.0 -168.999975 14.999978 -0.999983 
